GATE_GW_SL: 1516,619,48,35
GATE_HI_GW: 10,638,48,35
GATE_DS_GW: 159,59,48,35
GATE_GW_SH: 1974,1068,48,35
GW_S05: 205,447,48,35
GW_S04: 1495,582,48,35
GW_S03: 55,637,48,35
GW_S02: 670,992,48,35
GW_B02: 957,999,54,78
GW_C03: 1011,1031,156,35
GW_C05: 1170,1030,152,35
GW_A24: 1322,1029,60,35
GW_B05: 1007,950,48,78
GW_A20: 1055,991,54,35
GW_A21: 1108,991,48,35
GW_S07: 964,979,48,35
GW_A19: 910,1001,48,35
GW_S01: 413,984,48,35
GW_A04: 724,166,51,35
GW_S06: 728,133,48,35
GW_C08: 793,118,152,35
GW_S08: 910,204,48,35
GW_A22: 1007,180,54,35
GW_A23: 1067,184,54,35
GW_C11: 1127,187,152,36
GW_B08: 1404,619,110,35
GW_E01: 677,53,264,35
GW_C09: 944,10,54,120
GW_A25: 1383,962,100,112
GW_S09: 1830,954,48,35
GW_EDGE01: 1813,1060,148,35
GW_EDGE02: 1640,956,176,51
GW_EDGE03: 1604,1025,198,72
GW_EDGE04: 1498,961,99,35
GW_EDGE05: 1537,1022,48,72
GW_B01_PAST: 100,610,110,35
GW_TOWER01: 212,613,48,72
GW_TOWER02: 213,1045,48,72
GW_TOWER03: 253,1003,101,35
GW_PIPE01: 334,954,48,35
GW_PIPE02: 315,57,101,35
GW_B09_PAST: 207,52,105,35
GW_C10_PAST: 515,52,158,35
GW_A10_PAST: 555,950,48,35
GW_PIPE03: 495,945,48,35
GW_PIPE04: 403,951,48,35
GW_B06_PAST: 949,137,51,78
GW_C04_PAST: 1240,619,160,35
GW_TOWER04: 1228,226,48,35
GW_PIPE05: 529,480,101,35
GW_PIPE06: 563,531,48,35
GW_PIPE07: 434,483,48,72
GW_PIPE08: 494,540,48,35
GW_TOWER05: 1200,280,54,72
GW_TOWER06: 1166,351,48,35
GW_PIPE09: 371,477,48,35
GW_PIPE10: 627,534,48,35
GW_PIPE11: 696,535,48,35
GW_C01_PAST: 264,613,156,35
GW_TOWER07: 426,569,48,112
GW_TOWER08: 1157,304,48,35
GW_TOWER09: 1176,633,48,72
GW_A11_PAST: 899,628,70,35
GW_A13_PAST: 909,596,48,35
GW_PIPE12: 786,166,48,35
GW_PIPE13: 798,196,105,35
GW_C02_PAST: 743,602,156,35
GW_D01_PAST: 484,602,204,35
GW_TOWER10: 737,236,48,112
GW_TOWER11: 694,246,48,37
GW_TOWER12: 688,312,48,38
GW_TOWER13: 693,601,48,35
GW_TOWER14: 973,633,48,35
GW_TOWER15: 1025,633,149,72
GW_C06_PAST: 612,954,48,120
GW_E02_PAST: 675,1035,266,36
